end_time: 04/25/2023 16:12:36
exitcode: 0
paramerters:
  x1: 0.5437055994745923
  x2: 3.0113166223633914
  x3: 1.2101565491808386
  x4: 0.21950865965021915
  x5: 0.24385832698751297
result:
- 10.935773387849947
start_time: 04/25/2023 16:12:35
trial_id: 10
