end_time: 04/25/2023 16:12:47
exitcode: 0
paramerters:
  x1: 0.3173750280829162
  x2: 0.013386571645632506
  x3: 0.4802527718195485
  x4: -1.9596063389739236
  x5: 3.291879411126238
result:
- 15.008075894735027
start_time: 04/25/2023 16:12:46
trial_id: 13
