end_time: 04/25/2023 16:12:51
exitcode: 0
paramerters:
  x1: -0.36658232260252654
  x2: 0.4837226054767472
  x3: 0.3481056132438133
  x4: -1.4964582902826127
  x5: 1.79497888763573
result:
- 5.9508842978792895
start_time: 04/25/2023 16:12:50
trial_id: 14
