end_time: 04/25/2023 16:12:55
exitcode: 0
paramerters:
  x1: 2.3650764912573665
  x2: 1.3376325120139894
  x3: -1.5606055515862511
  x4: -2.8559409487544443
  x5: -0.35011765431305775
result:
- 18.09731830897105
start_time: 04/25/2023 16:12:54
trial_id: 15
