end_time: 04/25/2023 16:13:03
exitcode: 0
paramerters:
  x1: -3.5747148083151163
  x2: 0.5269816717836708
  x3: 0.49258449081139877
  x4: 0.583183463900748
  x5: 3.8821954572643076
result:
- 28.710479644742115
start_time: 04/25/2023 16:13:02
trial_id: 17
