end_time: 04/25/2023 16:13:10
exitcode: 0
paramerters:
  x1: -2.9355929699349517
  x2: -2.1004749714972513
  x3: -1.3657199708181533
  x4: -2.9600153648115217
  x5: 1.4015022015785716
result:
- 25.620791610659296
start_time: 04/25/2023 16:13:09
trial_id: 19
