end_time: 04/25/2023 16:12:13
exitcode: 0
paramerters:
  x1: -4.419163878318005
  x2: 3.6617614577493516
  x3: 1.0111501174320878
  x4: 2.0807257779604544
  x5: -4.7941550570419755
result:
- 61.2732733909025
start_time: 04/25/2023 16:12:12
trial_id: 2
