end_time: 04/25/2023 16:13:21
exitcode: 0
paramerters:
  x1: 1.3061992016348039
  x2: 1.7626164881999637
  x3: 1.8757968343576732
  x4: 0.9720588892298263
  x5: -0.12017289255157326
result:
- 9.290927010846975
start_time: 04/25/2023 16:13:20
trial_id: 22
