end_time: 04/25/2023 16:13:24
exitcode: 0
paramerters:
  x1: -1.1387792634240927
  x2: 1.3309914052586753
  x3: 0.26525612694352063
  x4: -0.05967604075188926
  x5: -0.9846226864765909
result:
- 4.11176020912246
start_time: 04/25/2023 16:13:23
trial_id: 23
