end_time: 04/25/2023 16:13:28
exitcode: 0
paramerters:
  x1: 0.6936899891866674
  x2: 2.648925563089633
  x3: 1.8512143454274428
  x4: -0.31918126063049734
  x5: -0.8203683786494309
result:
- 11.699887946429453
start_time: 04/25/2023 16:13:27
trial_id: 24
