end_time: 04/25/2023 16:13:32
exitcode: 0
paramerters:
  x1: -1.2486649744441851
  x2: 0.5005447888523687
  x3: -0.14349113924815737
  x4: -0.75523646874946
  x5: 0.4575197831329637
result:
- 2.6100054867808824
start_time: 04/25/2023 16:13:30
trial_id: 25
