end_time: 04/25/2023 16:13:35
exitcode: 0
paramerters:
  x1: 0.9299221736368493
  x2: 1.592409606937973
  x3: -0.06718666435493914
  x4: -0.665337582949437
  x5: -0.8795362359029248
result:
- 4.621295742708259
start_time: 04/25/2023 16:13:34
trial_id: 26
