end_time: 04/25/2023 16:13:39
exitcode: 0
paramerters:
  x1: 0.2274747010819836
  x2: 1.3802271580247694
  x3: 0.13757635648553876
  x4: -0.6519543425638561
  x5: -0.4586417708140196
result:
- 2.611095739968595
start_time: 04/25/2023 16:13:38
trial_id: 27
