end_time: 04/25/2023 16:12:14
exitcode: 0
paramerters:
  x1: 4.699098521619943
  x2: 3.324426408004218
  x3: -2.8766088932172384
  x4: -3.181750327928994
  x5: -3.165954901465662
result:
- 61.555022170053775
start_time: 04/25/2023 16:12:12
trial_id: 3
