end_time: 04/25/2023 16:13:56
exitcode: 0
paramerters:
  x1: -0.3412550828706411
  x2: 0.47986603390111715
  x3: 0.03870770894504327
  x4: -0.5778017734617003
  x5: -0.6948641766750052
result:
- 1.1649158422505292
start_time: 04/25/2023 16:13:55
trial_id: 32
