end_time: 04/25/2023 16:14:00
exitcode: 0
paramerters:
  x1: -0.3488231028670648
  x2: -0.14688531109743952
  x3: -0.22503214617298045
  x4: -0.5790164869599423
  x5: -1.3089309128301467
result:
- 2.24245254525501
start_time: 04/25/2023 16:13:59
trial_id: 33
