end_time: 04/25/2023 16:14:04
exitcode: 0
paramerters:
  x1: -1.1094592142336839
  x2: 0.644542434756052
  x3: -0.8127755873595504
  x4: -1.31728578018363
  x5: -0.8493593606993657
result:
- 4.763592003938575
start_time: 04/25/2023 16:14:02
trial_id: 34
