end_time: 04/25/2023 16:14:32
exitcode: 0
paramerters:
  x1: -0.05860883050132015
  x2: 0.6738638730103739
  x3: 0.21349150405248293
  x4: -0.23103494509175615
  x5: -0.2935359759109302
result:
- 0.642646651671398
start_time: 04/25/2023 16:14:31
trial_id: 42
