end_time: 04/25/2023 16:14:36
exitcode: 0
paramerters:
  x1: 0.5396437657131878
  x2: 0.8050170675939047
  x3: 0.19817444338677848
  x4: -0.04730193409335259
  x5: -0.4844785735110317
result:
- 1.2154979441625147
start_time: 04/25/2023 16:14:35
trial_id: 43
