end_time: 04/25/2023 16:14:47
exitcode: 0
paramerters:
  x1: -0.8662977727745295
  x2: -0.3108622675530625
  x3: -0.0901186084558431
  x4: -0.13184686523671024
  x5: -0.5570288456867794
result:
- 1.1828932748922527
start_time: 04/25/2023 16:14:46
trial_id: 46
