end_time: 04/25/2023 16:14:50
exitcode: 0
paramerters:
  x1: 0.28321244744293805
  x2: 0.037543497227531086
  x3: 0.014492655305110624
  x4: -0.6384594994024378
  x5: -0.6122689459310346
result:
- 0.864332636157197
start_time: 04/25/2023 16:14:49
trial_id: 47
