end_time: 04/25/2023 16:14:54
exitcode: 0
paramerters:
  x1: 0.4595365049691301
  x2: 0.9388996850269532
  x3: 0.44924745483744044
  x4: -0.6459328748783373
  x5: -0.19188291725276863
result:
- 1.7485780264029
start_time: 04/25/2023 16:14:53
trial_id: 48
