end_time: 04/25/2023 16:14:58
exitcode: 0
paramerters:
  x1: -0.5348392033386146
  x2: 0.0015782205919414594
  x3: 0.04472290736747778
  x4: -0.260368367647117
  x5: -0.4657423635782767
result:
- 0.5727632387542247
start_time: 04/25/2023 16:14:57
trial_id: 49
