end_time: 04/25/2023 16:12:18
exitcode: 0
paramerters:
  x1: -3.6050613934795814
  x2: -2.0785535146478185
  x3: -1.336381567063083
  x4: -0.43930015782964027
  x5: 2.8517596139301364
result:
- 27.42828558110983
start_time: 04/25/2023 16:12:17
trial_id: 5
