end_time: 04/25/2023 16:15:05
exitcode: 0
paramerters:
  x1: -0.043782208247600984
  x2: -0.3046486295769037
  x3: 0.4648869707357701
  x4: 0.1793939802395793
  x5: 0.4038337967987257
result:
- 0.5061115004050756
start_time: 04/25/2023 16:15:04
trial_id: 51
