end_time: 04/25/2023 16:15:08
exitcode: 0
paramerters:
  x1: 0.5754475520561189
  x2: 0.4350034127579392
  x3: 0.2449171487204897
  x4: 0.04741100221898406
  x5: -0.9081783622367938
result:
- 1.4073880047823217
start_time: 04/25/2023 16:15:07
trial_id: 52
