end_time: 04/25/2023 16:15:16
exitcode: 0
paramerters:
  x1: -0.8005507775060487
  x2: 0.4115141418434034
  x3: 0.4773143339353697
  x4: 0.2705346957036062
  x5: 0.10513926453102951
result:
- 1.1222976962083862
start_time: 04/25/2023 16:15:15
trial_id: 54
