end_time: 04/25/2023 16:15:19
exitcode: 0
paramerters:
  x1: 0.012271641205691353
  x2: 0.13103615838149918
  x3: 0.13019807496267538
  x4: -0.41121095062592683
  x5: -0.43291689331551864
result:
- 0.3907840891378876
start_time: 04/25/2023 16:15:18
trial_id: 55
