end_time: 04/25/2023 16:15:23
exitcode: 0
paramerters:
  x1: -0.43037731087898595
  x2: -0.44193731979098927
  x3: 0.24499811355207438
  x4: -0.20896026082074365
  x5: -0.2693460724509104
result:
- 0.5567689973345499
start_time: 04/25/2023 16:15:22
trial_id: 56
