end_time: 04/25/2023 16:15:34
exitcode: 0
paramerters:
  x1: 0.0461299381496747
  x2: -0.03512331745349839
  x3: 0.4401827619346673
  x4: -0.21680521281173437
  x5: 0.02513567750292045
result:
- 0.2447587851129363
start_time: 04/25/2023 16:15:33
trial_id: 59
