end_time: 04/25/2023 16:15:45
exitcode: 0
paramerters:
  x1: 0.3347443446785525
  x2: 0.11572488776944845
  x3: 0.41284126467493126
  x4: -0.053642411939914814
  x5: -0.24739337574310877
result:
- 0.3599649264822241
start_time: 04/25/2023 16:15:44
trial_id: 62
