end_time: 04/25/2023 16:15:53
exitcode: 0
paramerters:
  x1: 0.00846075609236393
  x2: 0.11802482255123174
  x3: 0.24479376188315158
  x4: -0.2777182539878692
  x5: -0.2808965087807027
result:
- 0.22995570623206738
start_time: 04/25/2023 16:15:51
trial_id: 64
