end_time: 04/25/2023 16:15:56
exitcode: 0
paramerters:
  x1: -0.45595803815495495
  x2: 0.09522205958519353
  x3: 0.23871863181561231
  x4: -0.3244390395788901
  x5: -0.02376012596370236
result:
- 0.379776792354363
start_time: 04/25/2023 16:15:55
trial_id: 65
