end_time: 04/25/2023 16:16:07
exitcode: 0
paramerters:
  x1: 0.11684911182217814
  x2: -0.25069973003483603
  x3: 0.3908619746507724
  x4: -0.12216521748536857
  x5: 0.0017610411200605774
result:
- 0.24420459443014653
start_time: 04/25/2023 16:16:06
trial_id: 68
