end_time: 04/25/2023 16:12:25
exitcode: 0
paramerters:
  x1: 1.5443276704348352
  x2: 1.9020357526113272
  x3: -1.7191821418771336
  x4: -2.300163290324871
  x5: -2.146398282501668
result:
- 18.85605194411592
start_time: 04/25/2023 16:12:24
trial_id: 7
