end_time: 04/25/2023 16:16:37
exitcode: 0
paramerters:
  x1: -0.12905715653015787
  x2: -0.1613772008424283
  x3: 0.31532400165467567
  x4: -0.030974022537716778
  x5: -0.06288536177954226
result:
- 0.14704153542121592
start_time: 04/25/2023 16:16:36
trial_id: 76
