end_time: 04/25/2023 16:16:41
exitcode: 0
paramerters:
  x1: -0.09798960610776948
  x2: 0.009234269924906557
  x3: 0.2231991199609813
  x4: -0.24157123546309245
  x5: -0.22945662817321671
result:
- 0.17051208781334504
start_time: 04/25/2023 16:16:39
trial_id: 77
