end_time: 04/25/2023 16:16:44
exitcode: 0
paramerters:
  x1: -0.07554819323769839
  x2: -0.08638784845102894
  x3: 0.2213298031282463
  x4: -0.10029377484642489
  x5: -0.053254350720513044
result:
- 0.0750521387578756
start_time: 04/25/2023 16:16:43
trial_id: 78
