end_time: 04/25/2023 16:12:29
exitcode: 0
paramerters:
  x1: -2.4184543746588547
  x2: 1.8947307069700914
  x3: -0.0483358624833925
  x4: -0.1070141442086796
  x5: -2.6957226828357945
result:
- 16.719635179660077
start_time: 04/25/2023 16:12:28
trial_id: 8
