end_time: 04/25/2023 16:16:52
exitcode: 0
paramerters:
  x1: -0.03292531641291123
  x2: -0.18224233433567266
  x3: 0.3262114087432907
  x4: 0.08545222612885693
  x5: 0.07995873679813918
result:
- 0.15440571062001907
start_time: 04/25/2023 16:16:51
trial_id: 80
