end_time: 04/25/2023 16:16:59
exitcode: 0
paramerters:
  x1: -0.20384652898554834
  x2: 0.017758383311046094
  x3: 0.16106175068156509
  x4: -0.168881261778147
  x5: -0.1903074336120386
result:
- 0.13254745495766818
start_time: 04/25/2023 16:16:58
trial_id: 82
