end_time: 04/25/2023 16:17:03
exitcode: 0
paramerters:
  x1: -0.13763043785045792
  x2: 0.06854748347919148
  x3: 0.11024425738093596
  x4: -0.10761790880774538
  x5: -0.09843216376735572
result:
- 0.057065196359788586
start_time: 04/25/2023 16:17:02
trial_id: 83
