end_time: 04/25/2023 16:17:26
exitcode: 0
paramerters:
  x1: 0.00511270049046636
  x2: 0.02901575231053119
  x3: 0.04465431612461215
  x4: -0.17711907863025447
  x5: -0.18189956061225224
result:
- 0.06732067970276881
start_time: 04/25/2023 16:17:24
trial_id: 89
