end_time: 04/25/2023 16:12:33
exitcode: 0
paramerters:
  x1: 1.3521393526739272
  x2: 1.1812988160380449
  x3: -0.16411057065962908
  x4: -2.5340038858400287
  x5: -1.9442393412535754
result:
- 13.451922310755085
start_time: 04/25/2023 16:12:32
trial_id: 9
