end_time: 04/25/2023 16:17:29
exitcode: 0
paramerters:
  x1: -0.08177951487660122
  x2: -0.022867243710959752
  x3: -0.03979532761954957
  x4: -0.09166015370756203
  x5: -0.021516578502665
result:
- 0.017659014916891196
start_time: 04/25/2023 16:17:28
trial_id: 90
