end_time: 04/25/2023 16:17:33
exitcode: 0
paramerters:
  x1: -0.07785755061754152
  x2: -0.024822251187889256
  x3: -0.16504441824320043
  x4: -0.10138026831656778
  x5: 0.048087476136251
result:
- 0.046507966500527964
start_time: 04/25/2023 16:17:32
trial_id: 91
