end_time: 04/25/2023 16:17:37
exitcode: 0
paramerters:
  x1: 0.003484067068853014
  x2: -0.0369884089899363
  x3: 0.14280570346755372
  x4: -0.08642948471330647
  x5: 0.0990497813137065
result:
- 0.03905466507191071
start_time: 04/25/2023 16:17:36
trial_id: 92
