end_time: 04/25/2023 16:17:40
exitcode: 0
paramerters:
  x1: -0.15056496628369823
  x2: -0.10239365507958884
  x3: 0.14611457906071038
  x4: 0.04545496365027654
  x5: 0.18625930798353188
result:
- 0.09126242341760972
start_time: 04/25/2023 16:17:39
trial_id: 93
