end_time: 04/25/2023 16:17:51
exitcode: 0
paramerters:
  x1: 0.025132044140822516
  x2: -0.01647573606452564
  x3: -0.015347586331691032
  x4: -0.019168740247253027
  x5: 0.025546763904978488
result:
- 0.0021586956764562413
start_time: 04/25/2023 16:17:50
trial_id: 96
