end_time: 04/25/2023 16:12:13
exitcode: 0
paramerters:
  x1: -5.0
  x2: -5.0
  x3: -5.0
  x4: -5.0
  x5: -1.254598811526375
result:
- 101.57401817788339
start_time: 04/25/2023 16:12:11
trial_id: 0
