end_time: 04/25/2023 16:12:13
exitcode: 0
paramerters:
  x1: 4.507143064099161
  x2: 2.3199394181140507
  x3: 0.986584841970366
  x4: -3.439813595575635
  x5: -3.4400547966379733
result:
- 50.33610173056113
start_time: 04/25/2023 16:12:12
trial_id: 1
