end_time: 04/25/2023 16:12:40
exitcode: 0
paramerters:
  x1: -1.8961166289878029
  x2: -0.21558213589338604
  x3: -0.8083929674733574
  x4: -0.9005882047891143
  x5: 0.8834825037270952
result:
- 5.88683356689798
start_time: 04/25/2023 16:12:39
trial_id: 11
