end_time: 04/25/2023 16:12:43
exitcode: 0
paramerters:
  x1: -3.2948491191959395
  x2: 0.545695577708881
  x3: 1.5226890758713805
  x4: 0.13624082104199697
  x5: 1.188761384041281
result:
- 14.904111593081264
start_time: 04/25/2023 16:12:42
trial_id: 12
