end_time: 04/25/2023 16:12:59
exitcode: 0
paramerters:
  x1: -1.8798677165826132
  x2: 0.7436798112851581
  x3: 0.7518654190069725
  x4: -0.6118046214071133
  x5: 0.8040416244526962
result:
- 5.673051730488819
start_time: 04/25/2023 16:12:58
trial_id: 16
