end_time: 04/25/2023 16:13:07
exitcode: 0
paramerters:
  x1: 0.12042581242666617
  x2: 1.0177195299744515
  x3: 6.319470812790606e-05
  x4: -1.7547070484048346
  x5: -0.48763064162410474
result:
- 4.367035890355956
start_time: 04/25/2023 16:13:06
trial_id: 18
