end_time: 04/25/2023 16:13:14
exitcode: 0
paramerters:
  x1: -0.3261190428777937
  x2: 1.7333687238982305
  x3: 0.5661874191810907
  x4: -0.5753723464652161
  x5: 0.5332692956352776
result:
- 4.046918435499286
start_time: 04/25/2023 16:13:13
trial_id: 20
