end_time: 04/25/2023 16:13:17
exitcode: 0
paramerters:
  x1: 0.21827361095499487
  x2: 1.257599097574102
  x3: 1.0236812850455013
  x4: -0.04786360651997601
  x5: 0.2927277207068828
result:
- 2.7651026761102826
start_time: 04/25/2023 16:13:16
trial_id: 21
