end_time: 04/25/2023 16:13:42
exitcode: 0
paramerters:
  x1: -1.0275517999103034
  x2: 1.4633729394688073
  x3: 0.7396208246548697
  x4: 0.9186659263846755
  x5: 0.4237315784979102
result:
- 4.767857560648176
start_time: 04/25/2023 16:13:41
trial_id: 28
