end_time: 04/25/2023 16:13:46
exitcode: 0
paramerters:
  x1: -0.16656859065757618
  x2: 1.1291328823480404
  x3: 0.18495260219481335
  x4: -1.086363804707457
  x5: -0.25979008659360103
result:
- 2.5845708317226506
start_time: 04/25/2023 16:13:45
trial_id: 29
