end_time: 04/25/2023 16:13:49
exitcode: 0
paramerters:
  x1: 0.620537545047062
  x2: 1.069357655020329
  x3: 0.44230648251999405
  x4: -1.1870401868504972
  x5: 1.2106566633035922
result:
- 4.598981625242272
start_time: 04/25/2023 16:13:48
trial_id: 30
