end_time: 04/25/2023 16:13:53
exitcode: 0
paramerters:
  x1: -0.698950061306304
  x2: 1.2655829676990886
  x3: 0.309518715837639
  x4: -0.34151707727654124
  x5: -0.4358028490315451
result:
- 2.4925913090794225
start_time: 04/25/2023 16:13:52
trial_id: 31
