end_time: 04/25/2023 16:14:07
exitcode: 0
paramerters:
  x1: -0.11365959534217485
  x2: 1.1043349318695896
  x3: 0.5645670669442383
  x4: -0.3652191499358895
  x5: 0.007205950355320623
result:
- 1.6846470716391952
start_time: 04/25/2023 16:14:06
trial_id: 35
