end_time: 04/25/2023 16:14:11
exitcode: 0
paramerters:
  x1: -1.2551140229303361
  x2: 0.41155748384331226
  x3: 0.24412562538389185
  x4: -0.5985009670885633
  x5: 0.08834921928927272
result:
- 2.1702970861878566
start_time: 04/25/2023 16:14:10
trial_id: 36
