end_time: 04/25/2023 16:14:14
exitcode: 0
paramerters:
  x1: 0.21844603320137246
  x2: 1.2556449310120903
  x3: 0.6802398269704076
  x4: -0.4325246402386006
  x5: -0.9754805601951869
result:
- 3.225728972126749
start_time: 04/25/2023 16:14:13
trial_id: 37
