end_time: 04/25/2023 16:14:18
exitcode: 0
paramerters:
  x1: -0.8818872225327957
  x2: 0.6893198243922991
  x3: 0.06244160230648388
  x4: -0.6745585116217452
  x5: 0.09926969730092605
result:
- 1.7216695056690017
start_time: 04/25/2023 16:14:17
trial_id: 38
