end_time: 04/25/2023 16:14:22
exitcode: 0
paramerters:
  x1: -1.1497778033353245
  x2: 0.4511316143341222
  x3: 0.30279168557210523
  x4: 0.06332481295368142
  x5: -0.11454677691081133
result:
- 1.6343225313821859
start_time: 04/25/2023 16:14:21
trial_id: 39
