end_time: 04/25/2023 16:12:17
exitcode: 0
paramerters:
  x1: -1.9575775704046228
  x2: 0.24756431632237863
  x3: -0.6805498135788426
  x4: -2.0877085980195806
  x5: 1.118528947223795
result:
- 9.966180279652084
start_time: 04/25/2023 16:12:16
trial_id: 4
