end_time: 04/25/2023 16:14:25
exitcode: 0
paramerters:
  x1: -0.7977274294982049
  x2: -0.011099012362912442
  x3: 0.17553475982306604
  x4: -0.5195851583851455
  x5: 0.18996841437542622
result:
- 0.9733614270298173
start_time: 04/25/2023 16:14:24
trial_id: 40
