end_time: 04/25/2023 16:14:29
exitcode: 0
paramerters:
  x1: -0.8471161135941553
  x2: -0.649440002393913
  x3: 0.10854278181577956
  x4: -0.6086191989394476
  x5: 0.5028540460789119
result:
- 1.7744390830802068
start_time: 04/25/2023 16:14:28
trial_id: 41
