end_time: 04/25/2023 16:14:40
exitcode: 0
paramerters:
  x1: -0.10252427408627052
  x2: 0.38991915190861715
  x3: 0.4555954878282904
  x4: 0.022432026053421206
  x5: -0.46157872320732607
result:
- 0.5836735338421165
start_time: 04/25/2023 16:14:38
trial_id: 44
