end_time: 04/25/2023 16:14:43
exitcode: 0
paramerters:
  x1: 0.2871572001369921
  x2: 0.24021881566677616
  x3: 0.6521724305891936
  x4: 0.3709272948910044
  x5: -0.7420029334614522
result:
- 1.25364862757204
start_time: 04/25/2023 16:14:42
trial_id: 45
