end_time: 04/25/2023 16:15:01
exitcode: 0
paramerters:
  x1: -0.1429398331219477
  x2: -0.04314374175089675
  x3: 0.32282721680552784
  x4: -0.07300460432751388
  x5: 0.03760113897414874
result:
- 0.1332541081607717
start_time: 04/25/2023 16:15:00
trial_id: 50
