end_time: 04/25/2023 16:15:12
exitcode: 0
paramerters:
  x1: -0.4544336841096239
  x2: 0.10042659391730047
  x3: 0.19288035704742196
  x4: -0.3778361182341131
  x5: -0.08456827977762876
result:
- 0.4037102323407868
start_time: 04/25/2023 16:15:11
trial_id: 53
