end_time: 04/25/2023 16:15:27
exitcode: 0
paramerters:
  x1: -0.5176030820111218
  x2: -0.49073518736907507
  x3: -0.08134481993421949
  x4: -0.554984146715587
  x5: -0.024410264851948194
result:
- 0.8239542184954746
start_time: 04/25/2023 16:15:26
trial_id: 57
