end_time: 04/25/2023 16:15:30
exitcode: 0
paramerters:
  x1: -0.20629397606748334
  x2: 0.16975556708919406
  x3: 0.32136041088766293
  x4: -0.12192201713883086
  x5: -0.3522866086184816
result:
- 0.31361750368050545
start_time: 04/25/2023 16:15:29
trial_id: 58
