end_time: 04/25/2023 16:12:21
exitcode: 0
paramerters:
  x1: -2.577556125648311
  x2: -1.7524861914457817
  x3: -2.789580531445671
  x4: -3.2067846901393393
  x5: -1.3702870251623556
result:
- 29.657917553736336
start_time: 04/25/2023 16:12:20
trial_id: 6
