end_time: 04/25/2023 16:15:38
exitcode: 0
paramerters:
  x1: 0.13227094530151043
  x2: 0.5711178238644288
  x3: 0.31798141510310785
  x4: -0.271351300434504
  x5: -0.053467913642913534
result:
- 0.5212736980943933
start_time: 04/25/2023 16:15:37
trial_id: 60
