end_time: 04/25/2023 16:15:41
exitcode: 0
paramerters:
  x1: -0.008391118743613674
  x2: 0.3178540379505742
  x3: 0.29973558971534947
  x4: -0.2557535405310639
  x5: -0.10743745334491275
result:
- 0.26789570393267764
start_time: 04/25/2023 16:15:40
trial_id: 61
