end_time: 04/25/2023 16:15:49
exitcode: 0
paramerters:
  x1: -0.0029718992476183374
  x2: 0.07899081506042943
  x3: 0.5885808226445801
  x4: 0.12275983592630368
  x5: 0.17516464482374508
result:
- 0.3984283959469014
start_time: 04/25/2023 16:15:48
trial_id: 63
