end_time: 04/25/2023 16:16:00
exitcode: 0
paramerters:
  x1: 0.13706874897017565
  x2: 0.11059918072338472
  x3: 0.3693106064601015
  x4: -0.12134156884965863
  x5: -0.19148506329825715
result:
- 0.21880065056209488
start_time: 04/25/2023 16:15:59
trial_id: 66
