end_time: 04/25/2023 16:16:04
exitcode: 0
paramerters:
  x1: 0.22242537260614453
  x2: 0.017528825719124147
  x3: 0.34937956383185625
  x4: -0.25592725506430514
  x5: 0.14545372503976023
result:
- 0.25850193174610386
start_time: 04/25/2023 16:16:03
trial_id: 67
