end_time: 04/25/2023 16:16:11
exitcode: 0
paramerters:
  x1: -0.15619788384116667
  x2: -0.05766594010497003
  x3: 0.357810964861832
  x4: -0.06848668792055274
  x5: -0.30860721083249226
result:
- 0.25568066314014126
start_time: 04/25/2023 16:16:10
trial_id: 69
