end_time: 04/25/2023 16:16:15
exitcode: 0
paramerters:
  x1: -0.06154206972933886
  x2: -0.03886724864894649
  x3: 0.35570311460433807
  x4: -0.11534682970649084
  x5: -0.19509197686442914
result:
- 0.18318856566354583
start_time: 04/25/2023 16:16:13
trial_id: 70
