end_time: 04/25/2023 16:16:18
exitcode: 0
paramerters:
  x1: -0.022971252536302222
  x2: -0.006511369410526727
  x3: 0.23321590782688917
  x4: -0.06702537693102611
  x5: -0.27638022504259235
result:
- 0.1358381659855471
start_time: 04/25/2023 16:16:17
trial_id: 71
