end_time: 04/25/2023 16:16:22
exitcode: 0
paramerters:
  x1: -0.14961857195219783
  x2: 0.30674038742053467
  x3: 0.2194782683812308
  x4: -0.1396094360356549
  x5: -0.3642620951247936
result:
- 0.31682376121443606
start_time: 04/25/2023 16:16:21
trial_id: 72
