end_time: 04/25/2023 16:16:26
exitcode: 0
paramerters:
  x1: 0.05023219087858416
  x2: -0.11133970067099337
  x3: 0.348016048083387
  x4: -0.12652627212294015
  x5: -0.08974474294115298
result:
- 0.16009798809244913
start_time: 04/25/2023 16:16:25
trial_id: 73
