end_time: 04/25/2023 16:16:30
exitcode: 0
paramerters:
  x1: -0.02452164230789551
  x2: -0.15372997445442318
  x3: 0.4068353956289459
  x4: 0.07642039321281734
  x5: -0.005143838888210461
result:
- 0.19561579070110438
start_time: 04/25/2023 16:16:29
trial_id: 74
