end_time: 04/25/2023 16:16:33
exitcode: 0
paramerters:
  x1: -0.2177657916969357
  x2: -0.25203599469769933
  x3: 0.2973284667195337
  x4: -0.0008515071004028263
  x5: -0.020018794606637302
result:
- 0.19974977698028556
start_time: 04/25/2023 16:16:32
trial_id: 75
