end_time: 04/25/2023 16:16:48
exitcode: 0
paramerters:
  x1: -0.08255125499187815
  x2: -0.11014814835207017
  x3: 0.1541431473902004
  x4: -0.09276724741639192
  x5: 0.017664462351445004
result:
- 0.05162522959686048
start_time: 04/25/2023 16:16:47
trial_id: 79
