end_time: 04/25/2023 16:16:56
exitcode: 0
paramerters:
  x1: -0.21441011631586304
  x2: -0.09002941720564446
  x3: 0.19267262488484643
  x4: 0.05519866208942347
  x5: 0.008128243461792306
result:
- 0.09431269495922316
start_time: 04/25/2023 16:16:54
trial_id: 81
