end_time: 04/25/2023 16:17:07
exitcode: 0
paramerters:
  x1: -0.28958001596997585
  x2: -0.05629480679682279
  x3: 0.1431636910303411
  x4: -0.08780356716512377
  x5: 0.18624192400578904
result:
- 0.14991705401519254
start_time: 04/25/2023 16:17:06
trial_id: 84
