end_time: 04/25/2023 16:17:10
exitcode: 0
paramerters:
  x1: -0.08962344339472063
  x2: -0.018957228757100743
  x3: 0.21070285362775215
  x4: -0.07221992448955053
  x5: -0.160724687780497
result:
- 0.0838355734103683
start_time: 04/25/2023 16:17:09
trial_id: 85
