end_time: 04/25/2023 16:17:14
exitcode: 0
paramerters:
  x1: -0.14828487949343955
  x2: -0.009987829258934364
  x3: 0.008702636780592188
  x4: -0.08151046783345067
  x5: -0.20706977071281035
result:
- 0.07168574441610828
start_time: 04/25/2023 16:17:13
trial_id: 86
