end_time: 04/25/2023 16:17:18
exitcode: 0
paramerters:
  x1: -0.06515352383299539
  x2: -0.0819884393488694
  x3: 0.10952445734416577
  x4: 0.049314507195061
  x5: 0.014133867033068293
result:
- 0.0255943794284541
start_time: 04/25/2023 16:17:17
trial_id: 87
