end_time: 04/25/2023 16:17:22
exitcode: 0
paramerters:
  x1: 0.0041929787432810894
  x2: -0.13186185067882716
  x3: 0.08375581067546611
  x4: 0.158412391681665
  x5: 0.11635451735562174
result:
- 0.06305302410445636
start_time: 04/25/2023 16:17:21
trial_id: 88
