end_time: 04/25/2023 16:17:44
exitcode: 0
paramerters:
  x1: -0.03380671620307479
  x2: -0.0038365995369988165
  x3: 0.07001938185863671
  x4: -0.12147556806012172
  x5: -0.08985984346330622
result:
- 0.028891432495087285
start_time: 04/25/2023 16:17:43
trial_id: 94
