end_time: 04/25/2023 16:17:48
exitcode: 0
paramerters:
  x1: 0.033707660716179304
  x2: -0.17087901945472525
  x3: 0.06443468759546686
  x4: -0.029589269873183083
  x5: 0.10622083926025516
result:
- 0.04664606623107187
start_time: 04/25/2023 16:17:47
trial_id: 95
