end_time: 04/25/2023 16:17:55
exitcode: 0
paramerters:
  x1: 0.07897369370717285
  x2: 0.030360470079246624
  x3: -0.10009295319263675
  x4: 0.01763051333731642
  x5: 0.02948791468174523
result:
- 0.01835757383282573
start_time: 04/25/2023 16:17:54
trial_id: 97
