end_time: 04/25/2023 16:17:59
exitcode: 0
paramerters:
  x1: -0.09455711819737764
  x2: 0.10601644839420929
  x3: 0.04244796389217938
  x4: -0.07817850594008982
  x5: -0.09527924314594235
result:
- 0.037172378535994914
start_time: 04/25/2023 16:17:58
trial_id: 98
