end_time: 04/25/2023 16:18:03
exitcode: 0
paramerters:
  x1: -0.10354999865654363
  x2: 0.029327780883078566
  x3: -0.07606614781005722
  x4: -0.018037899590679765
  x5: -0.1658397949832532
result:
- 0.04519698321768843
start_time: 04/25/2023 16:18:01
trial_id: 99
