end_time: 04/25/2023 16:01:19
exitcode: 0
paramerters:
  x1: -125.45988115263754
  x2: 450.71430640991616
result:
- -14.712941562039589
start_time: 04/25/2023 16:01:19
trial_id: 1
