end_time: 04/25/2023 16:01:41
exitcode: 0
paramerters:
  x1: -66.27853191891938
  x2: 412.873483895621
result:
- 71.7803142836774
start_time: 04/25/2023 16:01:41
trial_id: 11
