end_time: 04/25/2023 16:01:55
exitcode: 0
paramerters:
  x1: -115.97252612938048
  x2: 432.1052596682106
result:
- -97.39010046476045
start_time: 04/25/2023 16:01:55
trial_id: 16
