end_time: 04/25/2023 16:02:01
exitcode: 0
paramerters:
  x1: -127.24028801801836
  x2: 424.11384631356543
result:
- -120.87609943451605
start_time: 04/25/2023 16:02:01
trial_id: 18
