end_time: 04/25/2023 16:01:19
exitcode: 0
paramerters:
  x1: 231.99394181140508
  x2: 98.65848419703661
result:
- 360.5335088329936
start_time: 04/25/2023 16:01:19
trial_id: 2
