end_time: 04/25/2023 16:02:07
exitcode: 0
paramerters:
  x1: -119.14554797461611
  x2: 424.78731431027916
result:
- -116.92132417307369
start_time: 04/25/2023 16:02:07
trial_id: 20
