end_time: 04/25/2023 16:02:21
exitcode: 0
paramerters:
  x1: -124.05492062210604
  x2: 419.0883965428575
result:
- -122.35315148466219
start_time: 04/25/2023 16:02:21
trial_id: 25
