end_time: 04/25/2023 16:02:27
exitcode: 0
paramerters:
  x1: -127.01861458623281
  x2: 419.2826946915119
result:
- -121.89853527587934
start_time: 04/25/2023 16:02:27
trial_id: 27
