end_time: 04/25/2023 16:02:30
exitcode: 0
paramerters:
  x1: -123.83324719032049
  x2: 414.25724492080394
result:
- -117.09212200220145
start_time: 04/25/2023 16:02:30
trial_id: 28
