end_time: 04/25/2023 16:02:36
exitcode: 0
paramerters:
  x1: -123.42483384696712
  x2: 421.4553978167206
result:
- -122.59239791044149
start_time: 04/25/2023 16:02:36
trial_id: 30
