end_time: 04/25/2023 16:02:59
exitcode: 0
paramerters:
  x1: -124.81515706515835
  x2: 422.0733643282781
result:
- -122.72211212402897
start_time: 04/25/2023 16:02:59
trial_id: 38
