end_time: 04/25/2023 16:03:08
exitcode: 0
paramerters:
  x1: -124.49640821080956
  x2: 421.06938789853496
result:
- -122.8605924150936
start_time: 04/25/2023 16:03:08
trial_id: 41
