end_time: 04/25/2023 16:03:11
exitcode: 0
paramerters:
  x1: -123.89012547259456
  x2: 420.5592674022131
result:
- -122.74139137586673
start_time: 04/25/2023 16:03:11
trial_id: 42
