end_time: 04/25/2023 16:03:14
exitcode: 0
paramerters:
  x1: -124.85053577965924
  x2: 421.09142837513264
result:
- -122.87420372081891
start_time: 04/25/2023 16:03:14
trial_id: 43
