end_time: 04/25/2023 16:03:20
exitcode: 0
paramerters:
  x1: -125.20466334850892
  x2: 421.1134688517303
result:
- -122.85534585128988
start_time: 04/25/2023 16:03:20
trial_id: 45
