end_time: 04/25/2023 16:03:23
exitcode: 0
paramerters:
  x1: -124.72445819497658
  x2: 420.8473883652706
result:
- -122.87288341292475
start_time: 04/25/2023 16:03:23
trial_id: 46
