end_time: 04/25/2023 16:03:32
exitcode: 0
paramerters:
  x1: -124.97908476799934
  x2: 421.1191118681537
result:
- -122.87041628282418
start_time: 04/25/2023 16:03:32
trial_id: 49
