end_time: 04/25/2023 16:03:35
exitcode: 0
paramerters:
  x1: -124.78811483823227
  x2: 420.9153192409914
result:
- -122.87558122353573
start_time: 04/25/2023 16:03:35
trial_id: 50
