end_time: 04/25/2023 16:03:41
exitcode: 0
paramerters:
  x1: -124.83554839521686
  x2: 420.9933119623871
result:
- -122.87607971279863
start_time: 04/25/2023 16:03:41
trial_id: 52
