end_time: 04/25/2023 16:03:44
exitcode: 0
paramerters:
  x1: -124.77065605013243
  x2: 421.0335593450868
result:
- -122.87518630106388
start_time: 04/25/2023 16:03:44
trial_id: 53
