end_time: 04/25/2023 16:03:47
exitcode: 0
paramerters:
  x1: -124.7912438334285
  x2: 420.99393747338803
result:
- -122.8758933636039
start_time: 04/25/2023 16:03:47
trial_id: 54
