end_time: 04/25/2023 16:04:02
exitcode: 0
paramerters:
  x1: -124.87985295700524
  x2: 420.9926864513863
result:
- -122.87575965672539
start_time: 04/25/2023 16:04:02
trial_id: 59
