end_time: 04/25/2023 16:04:04
exitcode: 0
paramerters:
  x1: -124.82052984645941
  x2: 420.96402559742614
result:
- -122.87614790430871
start_time: 04/25/2023 16:04:04
trial_id: 60
