end_time: 04/25/2023 16:04:08
exitcode: 0
paramerters:
  x1: -124.83004148930839
  x2: 420.9245601034776
result:
- -122.87591436523473
start_time: 04/25/2023 16:04:08
trial_id: 61
