end_time: 04/25/2023 16:04:14
exitcode: 0
paramerters:
  x1: -124.80964147713331
  x2: 420.9863031266472
result:
- -122.87607176212464
start_time: 04/25/2023 16:04:14
trial_id: 63
