end_time: 04/25/2023 16:04:16
exitcode: 0
paramerters:
  x1: -124.83620539783271
  x2: 420.9619606329908
result:
- -122.87614893526211
start_time: 04/25/2023 16:04:16
trial_id: 64
