end_time: 04/25/2023 16:04:35
exitcode: 0
paramerters:
  x1: -124.83245323523045
  x2: 420.97135668917485
result:
- -122.87615869284468
start_time: 04/25/2023 16:04:35
trial_id: 70
