end_time: 04/25/2023 16:04:38
exitcode: 0
paramerters:
  x1: -124.82670201153377
  x2: 420.9712458405464
result:
- -122.87615908855906
start_time: 04/25/2023 16:04:38
trial_id: 71
