end_time: 04/25/2023 16:04:41
exitcode: 0
paramerters:
  x1: -124.82210796617613
  x2: 420.96642310774723
result:
- -122.87615331488792
start_time: 04/25/2023 16:04:41
trial_id: 72
