end_time: 04/25/2023 16:04:44
exitcode: 0
paramerters:
  x1: -124.82986691796687
  x2: 420.97012329381795
result:
- -122.87616051451141
start_time: 04/25/2023 16:04:44
trial_id: 73
