end_time: 04/25/2023 16:04:56
exitcode: 0
paramerters:
  x1: -124.82834195760982
  x2: 420.9682446098477
result:
- -122.87616062127722
start_time: 04/25/2023 16:04:56
trial_id: 77
