end_time: 04/25/2023 16:04:59
exitcode: 0
paramerters:
  x1: -124.83042634284989
  x2: 420.9685806708441
result:
- -122.87616063697936
start_time: 04/25/2023 16:04:59
trial_id: 78
