end_time: 04/25/2023 16:05:06
exitcode: 0
paramerters:
  x1: -124.82890138249284
  x2: 420.96670198687394
result:
- -122.876160231597
start_time: 04/25/2023 16:05:06
trial_id: 80
