end_time: 04/25/2023 16:05:09
exitcode: 0
paramerters:
  x1: -124.82962553409837
  x2: 420.9692679670819
result:
- -122.87616074318623
start_time: 04/25/2023 16:05:09
trial_id: 81
