end_time: 04/25/2023 16:05:12
exitcode: 0
paramerters:
  x1: -124.83170991933845
  x2: 420.96960402807827
result:
- -122.87615998524728
start_time: 04/25/2023 16:05:12
trial_id: 82
