end_time: 04/25/2023 16:05:15
exitcode: 0
paramerters:
  x1: -124.82918394804199
  x2: 420.96858446440535
result:
- -122.87616077900964
start_time: 04/25/2023 16:05:15
trial_id: 83
