end_time: 04/25/2023 16:05:27
exitcode: 0
paramerters:
  x1: -124.82958763954969
  x2: 420.96896846046576
result:
- -122.87616077370461
start_time: 04/25/2023 16:05:27
trial_id: 87
