end_time: 04/25/2023 16:05:33
exitcode: 0
paramerters:
  x1: -124.82912091971374
  x2: 420.96878797200645
result:
- -122.87616077893318
start_time: 04/25/2023 16:05:33
trial_id: 89
