end_time: 04/25/2023 16:05:36
exitcode: 0
paramerters:
  x1: -124.82871722820605
  x2: 420.96840397594605
result:
- -122.8761607175868
start_time: 04/25/2023 16:05:36
trial_id: 90
