end_time: 04/25/2023 16:05:39
exitcode: 0
paramerters:
  x1: -124.82937003671378
  x2: 420.9688273393358
result:
- -122.8761607855053
start_time: 04/25/2023 16:05:39
trial_id: 91
