end_time: 04/25/2023 16:05:49
exitcode: 0
paramerters:
  x1: -124.82929274945994
  x2: 420.9686550249703
result:
- -122.87616078472752
start_time: 04/25/2023 16:05:49
trial_id: 94
