end_time: 04/25/2023 16:05:52
exitcode: 0
paramerters:
  x1: -124.8292297211317
  x2: 420.9688585325714
result:
- -122.87616078237681
start_time: 04/25/2023 16:05:52
trial_id: 95
