end_time: 04/25/2023 16:05:55
exitcode: 0
paramerters:
  x1: -124.82938222906444
  x2: 420.9686825069439
result:
- -122.87616078575513
start_time: 04/25/2023 16:05:55
trial_id: 96
