end_time: 04/25/2023 16:06:01
exitcode: 0
paramerters:
  x1: -124.82933444117452
  x2: 420.9687049740551
result:
- -122.87616078603327
start_time: 04/25/2023 16:06:01
trial_id: 98
