end_time: 04/25/2023 15:57:10
exitcode: 0
paramerters:
  x1: -95.57349059056173
  x2: 416.16753426188
result:
- -29.996841743750338
start_time: 04/25/2023 15:57:10
trial_id: 12
