end_time: 04/25/2023 15:57:16
exitcode: 0
paramerters:
  x1: -117.39685162168514
  x2: 410.82489159113
result:
- -103.02034756857881
start_time: 04/25/2023 15:57:16
trial_id: 14
