end_time: 04/25/2023 15:57:19
exitcode: 0
paramerters:
  x1: -87.51046105960933
  x2: 376.27811944309383
result:
- 228.96926290179664
start_time: 04/25/2023 15:57:19
trial_id: 15
