end_time: 04/25/2023 15:57:31
exitcode: 0
paramerters:
  x1: -128.66461351032302
  x2: 402.8334782364849
result:
- -80.45287961946161
start_time: 04/25/2023 15:57:31
trial_id: 19
