end_time: 04/25/2023 15:57:42
exitcode: 0
paramerters:
  x1: -128.38962485240344
  x2: 416.9642679548124
result:
- -119.21939865419677
start_time: 04/25/2023 15:57:42
trial_id: 23
