end_time: 04/25/2023 15:57:45
exitcode: 0
paramerters:
  x1: -135.33502806142062
  x2: 423.4403783168517
result:
- -107.95913674992948
start_time: 04/25/2023 15:57:45
trial_id: 24
