end_time: 04/25/2023 15:57:51
exitcode: 0
paramerters:
  x1: -122.90558378772096
  x2: 426.2379749016105
result:
- -118.89463958274746
start_time: 04/25/2023 15:57:51
trial_id: 26
