end_time: 04/25/2023 15:56:49
exitcode: 0
paramerters:
  x1: 26.633515164691886
  x2: 137.3431976517382
result:
- 545.8963357671269
start_time: 04/25/2023 15:56:49
trial_id: 3
