end_time: 04/25/2023 15:56:52
exitcode: 0
paramerters:
  x1: 53.26703032938377
  x2: 274.6863953034764
result:
- 582.914432792269
start_time: 04/25/2023 15:56:52
trial_id: 4
