end_time: 04/25/2023 15:56:52
exitcode: 0
paramerters:
  x1: -62.72994057631877
  x2: 225.35715320495808
result:
- 337.075931907091
start_time: 04/25/2023 15:56:52
trial_id: 5
