end_time: 04/25/2023 15:56:55
exitcode: 0
paramerters:
  x1: -241.45685205834008
  x2: 401.38506431139785
result:
- 87.72546840939799
start_time: 04/25/2023 15:56:55
trial_id: 6
