end_time: 04/25/2023 15:56:58
exitcode: 0
paramerters:
  x1: -123.09415359090379
  x2: 325.70341928280754
result:
- 530.6607890908582
start_time: 04/25/2023 15:56:58
trial_id: 7
