end_time: 04/25/2023 15:57:01
exitcode: 0
paramerters:
  x1: -94.09491086447815
  x2: 338.0357298074371
result:
- 544.6113372954242
start_time: 04/25/2023 15:57:01
trial_id: 9
