end_time: 04/25/2023 16:01:38
exitcode: 0
paramerters:
  x1: -124.27701737177065
  x2: 388.20886284636185
result:
- 3.60742102472949
start_time: 04/25/2023 16:01:38
trial_id: 10
