end_time: 04/25/2023 16:01:46
exitcode: 0
paramerters:
  x1: -96.75635437142861
  x2: 478.6729778254344
result:
- 326.5018231934751
start_time: 04/25/2023 16:01:46
trial_id: 13
