end_time: 04/25/2023 16:01:58
exitcode: 0
paramerters:
  x1: -137.7958871605039
  x2: 426.7626169974606
result:
- -97.2335861554505
start_time: 04/25/2023 16:01:58
trial_id: 17
