end_time: 04/25/2023 16:02:04
exitcode: 0
paramerters:
  x1: -128.66461351032302
  x2: 402.8334782364849
result:
- -80.45287961946161
start_time: 04/25/2023 16:02:04
trial_id: 19
