end_time: 04/25/2023 16:02:10
exitcode: 0
paramerters:
  x1: -128.9889843709493
  x2: 438.0762690327146
result:
- -84.00334617214554
start_time: 04/25/2023 16:02:10
trial_id: 21
