end_time: 04/25/2023 16:02:12
exitcode: 0
paramerters:
  x1: -120.29488480900119
  x2: 417.6377359515261
result:
- -118.85130322173177
start_time: 04/25/2023 16:02:12
trial_id: 22
