end_time: 04/25/2023 16:02:33
exitcode: 0
paramerters:
  x1: -126.3885278110939
  x2: 421.64969596537503
result:
- -122.5036807614984
start_time: 04/25/2023 16:02:33
trial_id: 29
