end_time: 04/25/2023 16:02:39
exitcode: 0
paramerters:
  x1: -121.62794347733427
  x2: 422.541749379325
result:
- -121.24961068399512
start_time: 04/25/2023 16:02:39
trial_id: 31
