end_time: 04/25/2023 16:02:42
exitcode: 0
paramerters:
  x1: -125.75844103595497
  x2: 424.01669723923817
result:
- -121.59166242872169
start_time: 04/25/2023 16:02:42
trial_id: 32
