end_time: 04/25/2023 16:02:44
exitcode: 0
paramerters:
  x1: -124.48080072556827
  x2: 420.3204717169526
result:
- -122.80748473086697
start_time: 04/25/2023 16:02:44
trial_id: 33
