end_time: 04/25/2023 16:02:47
exitcode: 0
paramerters:
  x1: -121.51710676144151
  x2: 420.1261735682982
result:
- -121.38022843592597
start_time: 04/25/2023 16:02:47
trial_id: 34
