end_time: 04/25/2023 16:02:50
exitcode: 0
paramerters:
  x1: -125.1706725486808
  x2: 421.26881536610585
result:
- -122.8497689032464
start_time: 04/25/2023 16:02:50
trial_id: 35
