end_time: 04/25/2023 16:02:53
exitcode: 0
paramerters:
  x1: -126.22663942728195
  x2: 420.13388926633786
result:
- -122.53612850291302
start_time: 04/25/2023 16:02:53
trial_id: 36
