end_time: 04/25/2023 16:02:56
exitcode: 0
paramerters:
  x1: -124.12528524204583
  x2: 421.12502067912493
result:
- -122.8092114833471
start_time: 04/25/2023 16:02:56
trial_id: 37
