end_time: 04/25/2023 16:03:02
exitcode: 0
paramerters:
  x1: -124.5643898104658
  x2: 420.758694869784
result:
- -122.86154231308194
start_time: 04/25/2023 16:03:02
trial_id: 39
