end_time: 04/25/2023 16:01:25
exitcode: 0
paramerters:
  x1: 53.26703032938377
  x2: 274.6863953034764
result:
- 582.914432792269
start_time: 04/25/2023 16:01:25
trial_id: 4
