end_time: 04/25/2023 16:03:05
exitcode: 0
paramerters:
  x1: -125.60977711710075
  x2: 420.9024895567649
result:
- -122.79699942953766
start_time: 04/25/2023 16:03:05
trial_id: 40
