end_time: 04/25/2023 16:03:17
exitcode: 0
paramerters:
  x1: -124.91851737931549
  x2: 420.7807353463817
result:
- -122.87067563044678
start_time: 04/25/2023 16:03:17
trial_id: 44
