end_time: 04/25/2023 16:03:26
exitcode: 0
paramerters:
  x1: -124.65647659532033
  x2: 421.15808139402156
result:
- -122.86778338790725
start_time: 04/25/2023 16:03:26
trial_id: 47
