end_time: 04/25/2023 16:03:29
exitcode: 0
paramerters:
  x1: -124.85300718331669
  x2: 420.8750718582917
result:
- -122.87498146483978
start_time: 04/25/2023 16:03:29
trial_id: 48
