end_time: 04/25/2023 16:03:38
exitcode: 0
paramerters:
  x1: -124.79058624188973
  x2: 420.6989627241504
result:
- -122.8667837876211
start_time: 04/25/2023 16:03:38
trial_id: 51
