end_time: 04/25/2023 16:03:50
exitcode: 0
paramerters:
  x1: -124.83867739041307
  x2: 421.0719301947837
result:
- -122.87480608855935
start_time: 04/25/2023 16:03:50
trial_id: 55
