end_time: 04/25/2023 16:03:53
exitcode: 0
paramerters:
  x1: -124.80075547627747
  x2: 420.95447197943946
result:
- -122.87602954561521
start_time: 04/25/2023 16:03:53
trial_id: 56
