end_time: 04/25/2023 16:03:56
exitcode: 0
paramerters:
  x1: -124.84506003806584
  x2: 420.9538464684386
result:
- -122.8761009691085
start_time: 04/25/2023 16:03:56
trial_id: 57
