end_time: 04/25/2023 16:03:59
exitcode: 0
paramerters:
  x1: -124.87196814038451
  x2: 420.9338009659639
result:
- -122.87577260724765
start_time: 04/25/2023 16:03:59
trial_id: 58
