end_time: 04/25/2023 16:04:10
exitcode: 0
paramerters:
  x1: -124.83417166873974
  x2: 420.9761239976597
result:
- -122.87615093202305
start_time: 04/25/2023 16:04:10
trial_id: 62
