end_time: 04/25/2023 16:04:20
exitcode: 0
paramerters:
  x1: -124.84984722011305
  x2: 420.9740590332244
result:
- -122.87610311562139
start_time: 04/25/2023 16:04:20
trial_id: 65
