end_time: 04/25/2023 16:04:22
exitcode: 0
paramerters:
  x1: -124.82785918987281
  x2: 420.9665339563757
result:
- -122.87615987553687
start_time: 04/25/2023 16:04:22
trial_id: 66
