end_time: 04/25/2023 16:04:26
exitcode: 0
paramerters:
  x1: -124.82582546077984
  x2: 420.98069732104466
result:
- -122.87614115223221
start_time: 04/25/2023 16:04:26
trial_id: 67
