end_time: 04/25/2023 16:04:28
exitcode: 0
paramerters:
  x1: -124.83361041356949
  x2: 420.96664480500425
result:
- -122.87615789538165
start_time: 04/25/2023 16:04:28
trial_id: 68
