end_time: 04/25/2023 16:04:32
exitcode: 0
paramerters:
  x1: -124.82729793470256
  x2: 420.95705476372024
result:
- -122.87614298505241
start_time: 04/25/2023 16:04:32
trial_id: 69
