end_time: 04/25/2023 16:04:47
exitcode: 0
paramerters:
  x1: -124.8310240963059
  x2: 420.9654114096473
result:
- -122.87615902571412
start_time: 04/25/2023 16:04:47
trial_id: 74
