end_time: 04/25/2023 16:04:50
exitcode: 0
paramerters:
  x1: -124.8277825327268
  x2: 420.9697872328216
result:
- -122.87616032922756
start_time: 04/25/2023 16:04:50
trial_id: 75
