end_time: 04/25/2023 16:04:53
exitcode: 0
paramerters:
  x1: -124.82979026082086
  x2: 420.97337657026384
result:
- -122.87615805753865
start_time: 04/25/2023 16:04:53
trial_id: 76
