end_time: 04/25/2023 16:05:02
exitcode: 0
paramerters:
  x1: -124.83174824791143
  x2: 420.9679773898554
result:
- -122.87615997898689
start_time: 04/25/2023 16:05:02
trial_id: 79
