end_time: 04/25/2023 16:01:34
exitcode: 0
paramerters:
  x1: -183.4583666054888
  x2: 426.049685360657
result:
- 155.44842810393686
start_time: 04/25/2023 16:01:34
trial_id: 8
