end_time: 04/25/2023 16:05:18
exitcode: 0
paramerters:
  x1: -124.82838313929047
  x2: 420.96927176064315
result:
- -122.87616062866977
start_time: 04/25/2023 16:05:18
trial_id: 84
