end_time: 04/25/2023 16:05:21
exitcode: 0
paramerters:
  x1: -124.82991554196003
  x2: 420.96875344329385
result:
- -122.87616074682472
start_time: 04/25/2023 16:05:21
trial_id: 85
