end_time: 04/25/2023 16:05:24
exitcode: 0
paramerters:
  x1: -124.82947395590364
  x2: 420.9680699406173
result:
- -122.87616072679094
start_time: 04/25/2023 16:05:24
trial_id: 86
