end_time: 04/25/2023 16:05:30
exitcode: 0
paramerters:
  x1: -124.82885604563164
  x2: 420.9687994815773
result:
- -122.87616075292715
start_time: 04/25/2023 16:05:30
trial_id: 88
