end_time: 04/25/2023 16:05:43
exitcode: 0
paramerters:
  x1: -124.82943306504202
  x2: 420.9686238317347
result:
- -122.87616078373128
start_time: 04/25/2023 16:05:43
trial_id: 92
