end_time: 04/25/2023 16:05:46
exitcode: 0
paramerters:
  x1: -124.82961915371382
  x2: 420.96886670666515
result:
- -122.87616077625103
start_time: 04/25/2023 16:05:46
trial_id: 93
