end_time: 04/25/2023 16:05:58
exitcode: 0
paramerters:
  x1: -124.82945951631828
  x2: 420.9688548213094
result:
- -122.87616078375822
start_time: 04/25/2023 16:05:58
trial_id: 97
