end_time: 04/25/2023 16:06:04
exitcode: 0
paramerters:
  x1: -124.82934663352518
  x2: 420.96856014166315
result:
- -122.87616078193247
start_time: 04/25/2023 16:06:04
trial_id: 99
